1.500000000000000000e+01
1.060000000000000000e+02
2.270000000000000000e+02
3.210000000000000000e+02
4.580000000000000000e+02
5.340000000000000000e+02
6.050000000000000000e+02
8.070000000000000000e+02
8.080000000000000000e+02
8.130000000000000000e+02
8.360000000000000000e+02
8.370000000000000000e+02
8.500000000000000000e+02
8.660000000000000000e+02
8.670000000000000000e+02
8.760000000000000000e+02
8.830000000000000000e+02
8.870000000000000000e+02
8.960000000000000000e+02
9.070000000000000000e+02
9.160000000000000000e+02
9.220000000000000000e+02
9.230000000000000000e+02
9.290000000000000000e+02
9.440000000000000000e+02
9.450000000000000000e+02
9.580000000000000000e+02
9.590000000000000000e+02
9.670000000000000000e+02
9.740000000000000000e+02
9.760000000000000000e+02
9.770000000000000000e+02
9.870000000000000000e+02
1.048000000000000000e+03
1.081000000000000000e+03
1.083000000000000000e+03
1.092000000000000000e+03
1.103000000000000000e+03
1.108000000000000000e+03
1.123000000000000000e+03
1.124000000000000000e+03
1.125000000000000000e+03
1.126000000000000000e+03
1.127000000000000000e+03
1.141000000000000000e+03
1.142000000000000000e+03
1.156000000000000000e+03
1.162000000000000000e+03
1.173000000000000000e+03
1.174000000000000000e+03
1.175000000000000000e+03
1.181000000000000000e+03
1.186000000000000000e+03
1.193000000000000000e+03
1.194000000000000000e+03
1.195000000000000000e+03
1.199000000000000000e+03
1.208000000000000000e+03
1.219000000000000000e+03
1.228000000000000000e+03
1.229000000000000000e+03
1.230000000000000000e+03
1.231000000000000000e+03
1.233000000000000000e+03
1.239000000000000000e+03
1.243000000000000000e+03
1.244000000000000000e+03
1.245000000000000000e+03
1.262000000000000000e+03
9.200000000000000000e+01
1.310000000000000000e+02
2.160000000000000000e+02
2.240000000000000000e+02
5.680000000000000000e+02
6.550000000000000000e+02
6.810000000000000000e+02
7.330000000000000000e+02
7.520000000000000000e+02
8.270000000000000000e+02
9.260000000000000000e+02
9.690000000000000000e+02
9.730000000000000000e+02
9.940000000000000000e+02
1.006000000000000000e+03
1.058000000000000000e+03
1.059000000000000000e+03
1.100000000000000000e+03
1.167000000000000000e+03
1.203000000000000000e+03
1.210000000000000000e+03
1.235000000000000000e+03
6.970000000000000000e+02
8.510000000000000000e+02
8.570000000000000000e+02
8.650000000000000000e+02
9.060000000000000000e+02
9.310000000000000000e+02
9.420000000000000000e+02
1.067000000000000000e+03
1.087000000000000000e+03
1.093000000000000000e+03
1.095000000000000000e+03
1.104000000000000000e+03
1.113000000000000000e+03
1.114000000000000000e+03
1.129000000000000000e+03
1.152000000000000000e+03
1.153000000000000000e+03
1.183000000000000000e+03
1.190000000000000000e+03
1.209000000000000000e+03
1.211000000000000000e+03
1.218000000000000000e+03
2.680000000000000000e+02
4.660000000000000000e+02
7.530000000000000000e+02
8.250000000000000000e+02
8.410000000000000000e+02
1.066000000000000000e+03
1.148000000000000000e+03
1.150000000000000000e+03
1.154000000000000000e+03
1.178000000000000000e+03
